#Gradient,%white,%red,%blue,%sonarDifference,false/red/blue/arm
8.0000,0.1806,0.0694,0.0833,-1.0000,f
7.0000,0.1111,0.0794,0.0159,0.5713,f
3.3333,0.4417,0.1833,0.0083,0.5979,r
5.5000,0.8523,0.0000,0.0114,0.5558,f
0.9592,0.3044,0.1086,0.0634,0.0237,b
1.9167,0.1667,0.3841,0.0109,0.5388,f
5.0000,0.8080,0.0160,0.0000,0.5007,a
3.5385,0.5284,0.0351,0.1371,0.0586,b
11.0000,0.4141,0.0404,0.0505,0.3418,a
2.0909,0.2490,0.1146,0.0316,0.5434,a
3.1667,0.0351,0.4912,0.0088,0.6152,f
1.6667,0.1625,0.3000,0.0125,0.6072,f
9.3333,0.0952,0.0714,0.0595,0.3269,f
3.1429,0.4156,0.1494,0.0130,0.4766,r
6.0000,0.7396,0.0104,0.0312,0.4276,f
7.6667,0.8116,0.0145,0.0290,0.4323,f
5.0000,0.8875,0.0000,0.0125,0.5127,f
2.4500,0.4653,0.0500,0.1051,0.0205,b
6.5000,0.3120,0.0214,0.0812,0.0984,a
0.8519,0.0789,0.4090,0.0113,0.4679,f
4.5000,0.7778,0.0309,0.0000,0.3235,a
6.7143,0.5137,0.0547,0.1246,0.0282,b
6.5714,0.5373,0.0155,0.1335,0.0453,b
8.3333,0.3067,0.0400,0.0267,0.3698,a
3.5000,0.4286,0.1587,0.0079,0.4813,r
4.8000,0.7583,0.0250,0.0167,0.5379,f
3.3333,0.8750,0.0000,0.0000,0.6025,f
0.8393,0.2443,0.1626,0.0661,0.1183,b
4.7500,0.8553,0.0000,0.0132,0.6245,f
4.1667,0.7933,0.0133,0.0200,0.5005,a
3.0000,0.4770,0.0400,0.1600,0.0659,b
3.0000,0.3333,0.0365,0.1250,0.5114,a
7.3333,0.0000,0.5152,0.0303,0.5579,f
6.0000,0.0370,0.5556,0.0000,0.6456,f
1.2353,0.7255,0.0000,0.1148,-1.0000,f
0.8000,0.7000,0.0000,0.1000,-1.0000,f
0.3333,0.3333,0.0000,0.6667,-1.0000,f
0.6667,0.8333,0.0000,0.0000,-1.0000,f
1.7143,0.3333,0.0357,0.2143,-1.0000,f
6.6667,0.0000,0.0000,0.0000,0.7497,f
7.6667,0.0145,0.0000,0.0290,0.7137,f
2.1579,0.4711,0.1322,0.0257,0.0606,r
4.6000,0.8000,0.0087,0.0087,0.4236,a
8.3333,0.0800,0.0667,0.1067,0.3782,f
1.7143,0.2054,0.0119,0.0417,0.3989,f
1.5000,0.3066,0.0473,0.0679,0.3323,r
3.9091,0.3890,0.0951,0.0317,0.0011,r
7.1667,0.5853,0.2054,0.0116,0.0042,r
5.4000,0.7481,0.0000,0.0296,0.3768,a
5.0000,0.2880,0.0160,0.0400,0.4271,f
6.6667,0.0000,0.0000,0.0167,0.6752,f
5.0000,0.4800,0.0720,0.0160,0.4140,a
4.0000,0.5600,0.1950,0.0375,0.0326,r
6.0000,0.8021,0.0000,0.0104,0.4394,a
3.5000,0.3571,0.0556,0.0476,-1.0000,r
5.2500,0.4881,0.0357,0.0595,-1.0000,r
6.7500,0.4167,0.1019,0.0185,0.3594,a
4.1000,0.5707,0.1976,0.0195,0.0040,r
5.2000,0.7154,0.0077,0.0154,0.3842,a
8.0000,0.2917,0.1528,0.0556,0.5570,r
6.0000,0.5417,0.0521,0.0104,0.4193,a
4.4444,0.5472,0.2139,0.0333,0.0317,r
6.0000,0.7917,0.0417,0.0000,0.4356,a
1.9091,0.0866,0.0823,0.0260,0.5099,f
0.6364,0.2958,0.0390,0.0274,0.5630,f
6.6667,0.1667,0.0333,0.0167,0.5285,f
2.5000,0.5000,0.1250,0.0063,0.5202,r
3.7500,0.1167,0.1333,0.0000,0.6454,f
3.3333,0.1667,0.0583,0.0333,0.5238,f
4.0000,0.1800,0.2400,0.0200,0.5247,f
3.8000,0.8421,0.0105,0.0105,0.5501,f
2.5556,0.5652,0.0109,0.0857,0.1310,b
0.5000,0.3220,0.1536,0.0330,-1.0000,f
7.2500,0.8793,0.0000,0.0086,-1.0000,a
4.6000,0.5326,0.0196,0.1739,-1.0000,b
9.6667,0.5517,0.0920,0.0115,-1.0000,a
2.0000,0.2107,0.1033,0.0165,0.5434,f
5.0000,0.8500,0.0056,0.0333,0.3644,a
4.7000,0.5553,0.0191,0.1915,0.0110,b
7.2500,0.5345,0.0862,0.0000,0.3666,a
4.0000,0.8316,0.0000,0.0408,0.4131,a
7.6667,0.5870,0.0362,0.1014,0.0221,b
6.5714,0.5621,0.0404,0.1304,0.0149,b
5.6000,0.4714,0.0786,0.0286,0.4270,a
4.6667,0.8393,0.0000,0.0298,0.4344,a
6.4286,0.5683,0.0127,0.1048,0.0463,b
6.4286,0.5429,0.0286,0.1556,0.0636,b
5.4000,0.4370,0.0593,0.0296,0.4476,a
7.6667,0.1014,0.0145,0.0725,0.5344,f
7.0000,0.9196,0.0000,0.0089,0.4112,a
3.0667,0.5783,0.0203,0.1145,0.0107,b
6.7500,0.5278,0.0926,0.0278,0.3102,a
3.1429,0.4610,0.0130,0.0260,0.4480,f
5.7500,0.0000,0.0217,0.0652,0.4347,f
10.3333,0.0323,0.0108,0.0968,0.2228,f
2.5556,0.1159,0.0338,0.0290,0.4350,f
9.7500,0.5513,0.0000,0.1474,0.1615,f
3.8889,0.3841,0.0698,0.0127,0.2551,f
8.2000,0.6780,0.0146,0.0000,-1.0000,f
4.2308,0.3734,0.0601,0.1105,-1.0000,f
6.8333,0.1951,0.1585,0.0650,-1.0000,f
1.7778,0.0260,0.2326,0.0260,-1.0000,f
6.2000,0.3226,0.0258,0.1161,-1.0000,r
6.6000,0.2545,0.1455,0.1152,-1.0000,r
3.2000,0.4750,0.0125,0.0875,-1.0000,a
5.0000,0.1111,0.2222,0.0667,-1.0000,f
1.8750,0.5583,0.1333,0.0000,-1.0000,r
5.0000,0.1111,0.0000,0.0000,-1.0000,f
2.3333,0.7381,0.0119,0.0833,-1.0000,f
3.0000,0.6116,0.0000,0.1019,-1.0000,b
8.0000,0.4297,0.0312,0.1562,-1.0000,b
4.5000,0.5694,0.0833,0.0000,-1.0000,a
0.5926,0.0139,0.2037,0.0255,-1.0000,f
3.1000,0.2935,0.0806,0.1387,-1.0000,r
7.6667,0.8841,0.0000,0.0000,-1.0000,a
7.2000,0.6833,0.0000,0.1000,-1.0000,b
6.0000,0.5370,0.0185,0.1574,-1.0000,b
8.0000,0.4583,0.0556,0.0694,-1.0000,a
10.6667,0.1771,0.1042,0.2188,-1.0000,r
5.3333,0.3750,0.0781,0.0990,-1.0000,r
6.0000,0.9167,0.0000,0.0208,-1.0000,a
3.8000,0.6263,0.0026,0.1289,-1.0000,b
6.0000,0.4062,0.0938,0.0312,-1.0000,a
6.0000,0.0370,0.0556,0.0370,-1.0000,f
2.4444,0.0253,0.4646,0.0202,-1.0000,f
3.4444,0.2509,0.0968,0.1649,-1.0000,r
6.0000,0.4074,0.0185,0.2222,-1.0000,a
6.3333,0.4912,0.1930,0.0351,-1.0000,r
2.7143,0.0977,0.1203,0.0075,-1.0000,f
4.7500,0.8816,0.0000,0.0132,-1.0000,f
0.4444,0.2346,0.1373,0.0602,-1.0000,f
1.8750,0.1833,0.0583,0.1083,-1.0000,f
5.2500,0.5833,0.0000,0.0357,-1.0000,a
2.1333,0.5563,0.1292,0.0479,-1.0000,r
3.1667,0.0702,0.0702,0.0088,-1.0000,f
5.0000,0.0625,0.0250,0.0000,-1.0000,f
3.0000,0.4630,0.1296,0.0000,-1.0000,r
3.3333,0.0917,0.1250,0.0083,-1.0000,f
6.6667,0.0667,0.0667,0.0000,-1.0000,f
6.3333,0.8421,0.0000,0.0526,-1.0000,f
5.4286,0.4812,0.0038,0.1429,-1.0000,b
6.1667,0.3243,0.0090,0.2432,-1.0000,b
6.1667,0.2117,0.0270,0.1532,-1.0000,b
6.6667,0.5333,0.0167,0.0000,-1.0000,a
2.0625,0.5682,0.1117,0.0379,-1.0000,r
2.1818,0.7197,0.0000,0.0644,-1.0000,a
2.5333,0.3053,0.0228,0.1895,-1.0000,b
3.8000,0.3789,0.0211,0.0316,-1.0000,a
1.9375,0.5222,0.1351,0.0464,-1.0000,r
4.2500,0.0882,0.0294,0.0147,-1.0000,f
4.2500,0.1176,0.0147,0.0000,-1.0000,f
1.6000,0.3500,0.1062,0.0125,-1.0000,r
5.6667,0.1569,0.0980,0.0000,-1.0000,f
5.6667,0.2745,0.0196,0.0196,-1.0000,f
2.6000,0.1231,0.4308,0.0154,-1.0000,f
1.8947,0.4444,0.0015,0.1111,-1.0000,f
3.5000,0.2429,0.0229,0.1943,-1.0000,b
1.5000,0.4683,0.1100,0.0633,-1.0000,r
2.2857,0.4107,0.1429,0.0179,-1.0000,r
2.8333,0.0686,0.1373,0.0000,-1.0000,f
4.2500,0.7059,0.0441,0.0588,-1.0000,f
4.5000,0.7778,0.0139,0.0417,-1.0000,f
5.5000,0.8182,0.0000,0.0341,-1.0000,a
9.0000,0.4792,0.0000,0.1528,-1.0000,b
3.5000,0.3229,0.0171,0.1971,-1.0000,b
5.5000,0.4886,0.0227,0.0000,-1.0000,a
2.6154,0.5679,0.1267,0.0543,-1.0000,r
2.2941,0.3379,0.1026,0.0875,0.0163,b
1.4500,0.4948,0.1034,0.0483,0.2406,r
3.8333,0.0217,0.0145,0.0000,0.4142,f
3.2000,0.2375,0.0625,0.0375,0.5813,f
1.2632,0.0899,0.0636,0.0329,0.3811,f
6.3333,0.0351,0.1404,0.0351,0.5246,f
1.0625,0.3116,0.0726,0.1103,0.1206,f
5.2000,0.0846,0.0154,0.0000,-1.0000,f
2.7273,0.4758,0.0697,0.0273,-1.0000,r
2.6923,0.4637,0.0022,0.1714,0.0873,b
3.5000,0.0000,0.4127,0.0159,0.4706,f
5.3333,0.6042,0.0573,0.0677,-1.0000,r
2.1111,0.3626,0.1111,0.0175,0.5082,r
2.7143,0.6617,0.0677,0.0376,0.5235,f
4.4444,0.5778,0.0000,0.0778,0.0484,b
1.5000,0.1497,0.3027,0.1156,0.4577,f
4.4286,0.6037,0.0783,0.0369,-1.0000,r
3.6000,0.4556,0.1778,0.0111,0.5467,r
4.5000,0.2222,0.0139,0.0000,0.5522,f
2.0000,0.7469,0.0000,0.0617,0.5350,f
5.1429,0.5476,0.0079,0.1190,0.0726,f
7.6667,0.3623,0.0000,0.2754,0.4214,f
1.6364,0.1010,0.4192,0.0556,0.5474,f
4.4286,0.5760,0.0737,0.0507,0.1945,r
1.6364,0.3333,0.0960,0.0202,0.5337,r
3.0000,0.0667,0.1067,0.0000,0.6067,f
0.9231,0.2714,0.0855,0.1011,0.0635,b
15.0000,0.4000,0.0148,0.0519,-1.0000,f
9.0000,0.2578,0.0356,0.0267,-1.0000,f
13.6667,0.1951,0.0488,0.0325,-1.0000,f
8.2000,0.7037,0.0195,0.0366,-1.0000,b
15.5000,0.3468,0.0484,0.1855,-1.0000,f
14.3333,0.1628,0.2016,0.0078,-1.0000,f
0.8462,0.6294,0.0651,0.0127,-1.0000,f
3.8333,0.4493,0.1377,0.0362,-1.0000,r
8.0000,0.8194,0.0000,0.0278,-1.0000,f
4.5000,0.6281,0.0136,0.0964,-1.0000,b
5.4167,0.6244,0.0179,0.0705,-1.0000,b
4.5000,0.0011,0.0102,0.0011,-1.0000,f
3.6923,0.0000,0.0000,0.0080,-1.0000,f
6.0000,0.8021,0.0000,0.0312,-1.0000,f
5.1667,0.6237,0.0202,0.0860,-1.0000,b
0.6136,0.5530,0.0589,0.0202,-1.0000,f
10.0000,0.2889,0.1444,0.0556,-1.0000,f
5.3333,0.5833,0.0365,0.0807,-1.0000,b
8.0000,0.4028,0.1806,0.0417,-1.0000,f
8.0000,0.7778,0.0000,0.0139,-1.0000,f
4.6923,0.6444,0.0139,0.0946,-1.0000,b
0.5909,0.5096,0.0830,0.0210,-1.0000,f
6.2500,0.0000,0.0000,0.0100,-1.0000,f
5.5556,0.6511,0.0756,0.0356,-1.0000,r
4.6000,0.2000,0.0000,0.0261,-1.0000,f
1.3333,0.2546,0.0139,0.0347,-1.0000,f
0.4444,0.0944,0.0056,0.0311,-1.0000,f
3.2000,0.4000,0.0625,0.0750,-1.0000,f
4.8000,0.6000,0.0729,0.0312,-1.0000,r
4.5000,0.2222,0.1111,0.0556,-1.0000,f
5.3333,0.2708,0.2500,0.0417,-1.0000,f
3.8333,0.1667,0.2029,0.0290,-1.0000,f
1.1818,0.2150,0.0122,0.0647,-1.0000,f
1.8889,0.0000,0.0000,0.0000,-1.0000,f
5.6667,0.0000,0.0000,0.0000,-1.0000,f
5.2500,0.0595,0.0000,0.0476,-1.0000,f
6.8571,0.7440,0.0595,0.0298,-1.0000,r
6.6667,0.1333,0.2500,0.0500,-1.0000,f
1.0909,0.2273,0.0057,0.0341,-1.0000,f
2.4000,0.0000,0.0042,0.0125,-1.0000,f
6.3333,0.0000,0.0000,0.0000,-1.0000,f
6.2500,0.6925,0.0675,0.0275,-1.0000,r
3.1250,0.1700,0.0400,0.0600,-1.0000,f
2.7500,0.2557,0.0114,0.0227,-1.0000,f
0.8438,0.0162,0.0012,0.0324,-1.0000,f
4.1176,0.6202,0.0840,0.0387,-1.0000,r
5.7500,0.1848,0.0978,0.0435,-1.0000,f
5.7500,0.2826,0.1196,0.0435,-1.0000,f
1.7647,0.1059,0.0863,0.0471,-1.0000,f
2.4000,0.2917,0.0125,0.0125,-1.0000,f
8.0000,0.1667,0.0278,0.0417,0.7180,f
4.4375,0.6303,0.0863,0.0246,0.1072,r
9.0000,0.1481,0.1481,0.0370,-1.0000,f
5.5000,0.0568,0.0682,0.0227,-1.0000,f
3.1429,0.2727,0.0195,0.0065,-1.0000,f
4.7500,0.3816,0.0000,0.0132,-1.0000,f
4.4706,0.6548,0.0836,0.0255,-1.0000,r
8.6667,0.0769,0.0000,0.0128,-1.0000,f
3.5714,0.2286,0.0057,0.0229,-1.0000,f
10.0000,0.3222,0.0111,0.0444,-1.0000,f
4.0000,0.0139,0.0000,0.0069,-1.0000,f
4.4118,0.6408,0.0816,0.0282,0.0643,r
9.6667,0.1379,0.2644,0.0690,-1.0000,f
7.6667,0.1159,0.0435,0.0145,-1.0000,f
5.6000,0.0429,0.0214,0.0643,-1.0000,f
2.0833,0.2467,0.0067,0.0133,-1.0000,f
8.2500,0.7273,0.0076,0.0379,-1.0000,f
4.1905,0.5801,0.0211,0.0882,-1.0000,b
13.0000,0.7009,0.0000,0.0000,-1.0000,f
7.6667,0.3188,0.0290,0.0145,0.7822,f
7.6667,0.1594,0.0435,0.0145,0.7799,f
3.8500,0.6331,0.0130,0.1045,0.1881,b
4.1053,0.6167,0.0189,0.0951,0.1963,b
3.5714,0.2571,0.0286,0.0057,0.7855,f
1.2353,0.1148,0.0700,0.0084,0.8258,f
2.6786,0.4805,0.0562,0.0376,0.2796,r
7.3333,0.8030,0.0152,0.0152,0.8076,f
4.0526,0.6425,0.0171,0.0882,0.2465,b
1.2381,0.5201,0.1648,0.0055,0.7685,f
1.3774,0.2866,0.0370,0.0388,0.2988,f
6.6667,0.7833,0.0000,0.0333,0.7730,f
4.7500,0.6974,0.0058,0.0674,0.0552,b
3.6667,0.5652,0.0785,0.0470,0.2555,r
4.3889,0.6217,0.0218,0.0949,0.2236,b
1.7273,0.4689,0.1340,0.0144,-1.0000,r
4.3333,0.6250,0.1010,0.0240,-1.0000,r
6.0000,0.6626,0.0103,0.0988,-1.0000,b
0.5588,0.3266,0.1393,0.0046,-1.0000,f
4.0000,0.4375,0.2222,0.0417,-1.0000,r
5.2727,0.6567,0.0737,0.0219,-1.0000,r
6.5556,0.6497,0.0226,0.0791,-1.0000,b
0.8889,0.3935,0.1373,0.0062,-1.0000,f
6.2222,0.7123,0.0655,0.0159,-1.0000,r
8.0000,0.7551,0.0102,0.0306,-1.0000,b
0.7857,0.3912,0.1331,0.0032,-1.0000,f
5.0909,0.6461,0.0877,0.0179,0.0739,r
8.4000,0.8048,0.0048,0.0095,0.2099,a
7.1250,0.5724,0.0175,0.1206,0.1127,b
6.1667,0.5270,0.0766,0.0180,0.3110,a
0.8571,0.3512,0.1429,0.0074,0.5570,f



